Checking License...OK
Virtual  Base Address: 0x10000000
Virtual  Top  Address: 0x50000000    Virtual  Size: 0x40000000 (1024Mb)
Physical Base Address: 0x10000000
Physical Top  Address: 0x30000000    Physical Size: 0x20000000 (512Mb)
Loading...
0x1a67c8 + 0x19764 + 0x1902c
Loading symbol table from host:C:/WindRiver/vxworks-6.9/target/proj/simpc_diab/default/vxWorks.sym ...done
 

 ]]]]]]]]]]]]]]]]]]]]]]]]]]]]]]]]]]]]]]]]
 ]]]]]]]]]]]]]]]]]]]]]]]]]]]]]]]]]]]]]]]
 ]]]]]]]]]]]]]]]]]]]]]]]]]]]]]]]]]]]]]]
      ]]]]]]]]]]]  ]]]]     ]]]]]]]]]]       ]]              ]]]]         (R)
 ]     ]]]]]]]]]  ]]]]]]     ]]]]]]]]       ]]               ]]]]            
 ]]     ]]]]]]]  ]]]]]]]]     ]]]]]] ]     ]]                ]]]]            
 ]]]     ]]]]] ]    ]]]  ]     ]]]] ]]]   ]]]]]]]]]  ]]]] ]] ]]]]  ]]   ]]]]]
 ]]]]     ]]]  ]]    ]  ]]]     ]] ]]]]] ]]]]]]   ]] ]]]]]]] ]]]] ]]   ]]]]  
 ]]]]]     ]  ]]]]     ]]]]]      ]]]]]]]] ]]]]   ]] ]]]]    ]]]]]]]    ]]]] 
 ]]]]]]      ]]]]]     ]]]]]]    ]  ]]]]]  ]]]]   ]] ]]]]    ]]]]]]]]    ]]]]
 ]]]]]]]    ]]]]]  ]    ]]]]]]  ]    ]]]   ]]]]   ]] ]]]]    ]]]] ]]]]    ]]]]
 ]]]]]]]]  ]]]]]  ]]]    ]]]]]]]      ]     ]]]]]]]  ]]]]    ]]]]  ]]]] ]]]]]
 ]]]]]]]]]]]]]]]]]]]]]]]]]]]]]]
 ]]]]]]]]]]]]]]]]]]]]]]]]]]]]]       Development System
 ]]]]]]]]]]]]]]]]]]]]]]]]]]]]
 ]]]]]]]]]]]]]]]]]]]]]]]]]]]       VxWorks 6.9
 ]]]]]]]]]]]]]]]]]]]]]]]]]]       KERNEL: WIND version 2.13
 ]]]]]]]]]]]]]]]]]]]]]]]]]       Copyright Wind River Systems, Inc., 1984-2019

 CPU: Windows 6.2.  Processor #0.
 Memory Size: 0x1ff00000 (511Mb).  BSP version 6.9/0.
 Created: Oct 22 2019 16:08:44
 ED&R Policy Mode: Deployed
 WDB Comm Type: WDB_COMM_PIPE
 WDB: Ready.

-> Result:  
0.121698 -0.606672 0.785582 410.067291 
0.818364 0.509197 0.266456 110.158470 
-0.561668 0.610465 0.558446 845.345520 
0.000000 0.000000 0.000000 1.000000 
Results:
 Q11: 0.100000
 Q12: 3.241593
 Q21: 0.504804
 Q22: 0.200000
 Q31: 0.300001
 Q32: -0.300001
 Q4: 0.400000
 Q5: 0.500000
 Q6: 0.600000
D1: 0.877583
Result:  
0.121698 -0.606672 0.785582 410.067291 
0.818364 0.509197 0.266456 110.158470 
-0.561668 0.610465 0.558446 845.345520 
0.000000 0.000000 0.000000 1.000000 
Results:
 Q11: 0.100000
 Q12: 3.241593
 Q21: 0.504804
 Q22: 0.200000
 Q31: 0.300001
 Q32: -0.300001
 Q4: 0.400000
 Q5: 0.500000
 Q6: 0.600000
Forward Kin:  
0.121698 -0.606672 0.785582 410.067291 
0.818364 0.509197 0.266456 110.158470 
-0.561668 0.610465 0.558446 845.345520 
0.000000 0.000000 0.000000 1.000000 
Invers Kin:
 Q11: 0.100000
 Q12: 3.241593
 Q21: 0.504804
 Q22: 0.200000
 Q31: 0.300001
 Q32: -0.300001
 Q4: 0.400000
 Q5: 0.500000
 Q6: 0.600000

-> main
Forward Kin:  
0.121698 -0.606672 0.785582 410.067291 
0.818364 0.509197 0.266456 110.158470 
-0.561668 0.610465 0.558446 845.345520 
0.000000 0.000000 0.000000 1.000000 
Invers Kin:
 Q11: 0.100000
 Q12: 3.241593
 Q21: 0.504804
 Q22: 0.200000
 Q31: 0.300001
 Q32: -0.300001
 Q4: 0.400000
 Q5: 0.500000
 Q6: 0.600000
value = 0 = 0x0
-> 
-> main
Forward Kin:  
0.121698 -0.606672 0.785582 410.067291 
0.818364 0.509197 0.266456 110.158470 
-0.561668 0.610465 0.558446 845.345520 
0.000000 0.000000 0.000000 1.000000 
Invers Kin:
 Q11: 0.100000
 Q12: 3.241593
 Q21: 0.504804
 Q22: 0.200000
 Q31: 0.300001
 Q32: -0.300001
 Q4: 0.400000
 Q5: 0.500000
 Q6: 0.600000
value = 0 = 0x0
-> 